3.000000000000000000e+01 9.000000000000000000e+01
1.049196921368554456e+02 1.537577287223699045e+02
1.744570632923212941e+02 1.708722535811693319e+02
1.545962311330996499e+02 2.059151951319198020e+02
7.892306849036438621e+01 2.110324008449309190e+02
7.389249118691313356e+01 2.501747591429458453e+02
8.005443386702680186e+01 2.895241042885228353e+02
1.396141017593619438e+02 2.863454722411684088e+02
1.864021314089365262e+02 3.221097247765527527e+02
1.333803049163389858e+02 3.526596755437522006e+02
8.916541925061480356e+01 3.569660888607033939e+02
7.978822195824027119e+01 3.604400161685041439e+02
7.152289337787739498e+01 3.786522193152580940e+02
7.479094494667107540e+01 3.983834088116798284e+02
9.092429743789695351e+01 4.102035161459580195e+02
1.089022611455095131e+02 4.014403648333442334e+02
1.289011761914536294e+02 4.012320454028775885e+02
1.919563439300750076e+02 4.582900154151830066e+02
2.117370692636739875e+02 4.612434719116823771e+02
2.314581470182432952e+02 4.579149448803619862e+02
2.363833282898526136e+02 3.681863649186303746e+02
2.419801540305382161e+02 3.387730604067762101e+02
2.879476584431814103e+02 3.550651949363977451e+02
2.876538363147082578e+02 3.937532377119339912e+02
3.337040063649429271e+02 4.257441554947513964e+02
3.423942016673312878e+02 3.280726891361235289e+02
3.702463501692982959e+02 3.291533770272823745e+02
3.888851744004177249e+02 3.364055650613474313e+02
4.015383832364598788e+02 4.148172219797252751e+02
4.772314537038166691e+02 4.772311443187020927e+02
4.800000000000000000e+02 4.800000000000000000e+02
