30.0 90.0
45.113781655796345 103.09861076835685
63.801247696684314 110.22452214660586
71.81482807307475 128.54889197345474
86.97096930369628 141.59846602770855
103.97879032060303 152.12148955979595
123.68920367061881 155.51259639555317
143.55870484459578 157.79358808719255
163.41771990866746 155.42303526454273
178.9601464783224 168.01005144499172
177.47957105824773 187.95517356608866
167.70103005863697 205.40166707965557
150.15985343770464 215.00932666736247
130.22305968795516 213.42053625325786
110.97833442403572 218.8648497560111
92.84322630577341 210.43170956157957
84.40836854761255 228.56601888395505
68.57245314901445 216.35030017859663
57.72370657183083 233.1522255951686
59.99927447251277 253.02234866296527
67.70819894822559 271.47695468497926
74.56000068127385 290.26665433694274
81.82487128867383 283.39485289498185
100.74768180376985 276.91972801512264
120.64883255922568 274.9337273583706
132.45220089257472 291.0793303507426
152.32027786326026 288.78596655777045
169.07125964457188 299.71320817503903
167.15433378820157 319.62113110188346
156.77514266524284 336.7171069919312
145.16682853951588 353.00351369072285
125.77569952933848 348.1061556569809
105.9265224637933 350.55772042680354
86.06179366345006 348.23553402411886
66.94913318334298 354.1267316419341
68.51584239464128 374.0652727682862
74.08619104114572 393.2738962472444
88.25003412432227 407.39429104042046
97.94748375337552 409.8354937546527
116.34981950667002 402.0026118569716
136.34289827427503 402.5287310377106
150.9476079130899 416.1926417650942
170.26486028645 421.37373824594783
172.65885378323568 441.2299411845096
168.51279772823517 450.32995322784194
185.5885802019784 460.742333018716
205.5495781330946 461.9907566623464
224.8943994574646 456.9135637441878
231.71136623280663 449.5972146557501
234.06262885764565 429.7359064392948
235.67588117980748 409.8010771963583
236.35273025775686 389.8125335944427
234.54108804126375 369.8947537864566
237.47808013071167 350.1115771591674
252.7100466520043 337.15058970086704
272.2935775302444 341.210801313704
289.07654998689304 352.08884504956814
285.7303173830594 371.8069262787608
289.60609335767424 391.42779171825146
286.2104065781674 411.13741655728586
305.0559396708055 417.8341233938048
323.9014727634436 424.5308302303238
335.9574190388927 408.57294317083233
333.4945040242899 388.7251712648766
341.84222013388046 370.55058362846296
341.07147231744483 360.58033048205493
342.11699614980415 340.60767718020315
354.842292854355 325.1782629404744
367.07287721439417 309.353825945372
385.71036937999776 316.60943658659755
393.13454286600575 323.30881327772755
396.6901420209224 342.99021857942176
392.05624759570907 351.851765986956
397.93791652421675 370.9673609454036
392.520504571852 390.2196763318285
404.4120960466217 406.300411768903
418.73196798442183 420.26254870008245
433.051839922222 434.2246856312619
447.371711860022 448.1868225624413
461.6915837978221 462.14895949362074
476.0114557356221 476.11109642480017
480.0 480.0
